projection matrix
1  0  0  0  
0  1  0  0  
0  0  0.166667  16.6667  
0  0  0.00833333  0.833333  
viewing point matrix
1  0  0  0  
0  1  0  0  
0  0  1  -20  
0  0  0  1  
normal vector0 0 1
u vector1 0 0
v vector0 1 0
Viewpoint set to 0 0 20 vanishing point set to -100
projection matrix
1  0  0  0  
0  1  0  0  
0  0  0.166667  16.6667  
0  0  0.00833333  0.833333  
viewing point matrix
0.970142  0  -0.242536  0  
0  1  0  0  
0.242536  0  0.970142  -20.6155  
0  0  0  1  
normal vector0.242536 0 0.970142
u vector0.970142 0 -0.242536
v vector-0 1 0
Viewpoint set to 5 0 20 vanishing point set to -100
projection matrix
1  0  0  0  
0  1  0  0  
0  0  0.166667  16.6667  
0  0  0.00833333  0.833333  
viewing point matrix
0.894427  0  -0.447214  0  
0  1  0  0  
0.447214  0  0.894427  -22.3607  
0  0  0  1  
normal vector0.447214 0 0.894427
u vector0.894427 0 -0.447214
v vector-0 1 0
Viewpoint set to 10 0 20 vanishing point set to -100
projection matrix
1  0  0  0  
0  1  0  0  
0  0  0.166667  16.6667  
0  0  0.00833333  0.833333  
viewing point matrix
0.8  0  -0.6  2.98023e-07  
0  1  0  0  
0.6  0  0.8  -25  
0  0  0  1  
normal vector0.6 0 0.8
u vector0.8 0 -0.6
v vector-0 1 0
Viewpoint set to 15 0 20 vanishing point set to -100
projection matrix
1  0  0  0  
0  1  0  0  
0  0  0.166667  16.6667  
0  0  0.00833333  0.833333  
viewing point matrix
0.707107  0  -0.707107  0  
0  1  0  0  
0.707107  0  0.707107  -28.2843  
0  0  0  1  
normal vector0.707107 0 0.707107
u vector0.707107 0 -0.707107
v vector-0 1 0
Viewpoint set to 20 0 20 vanishing point set to -100
projection matrix
1  0  0  0  
0  1  0  0  
0  0  0.166667  16.6667  
0  0  0.00833333  0.833333  
viewing point matrix
0.624695  0  -0.780869  0  
0  1  0  0  
0.780869  0  0.624695  -32.0156  
0  0  0  1  
normal vector0.780869 0 0.624695
u vector0.624695 0 -0.780869
v vector-0 1 0
Viewpoint set to 25 0 20 vanishing point set to -100
projection matrix
1  0  0  0  
0  1  0  0  
0  0  0.166667  16.6667  
0  0  0.00833333  0.833333  
viewing point matrix
0.5547  0  -0.83205  5.96046e-07  
0  1  0  0  
0.83205  0  0.5547  -36.0555  
0  0  0  1  
normal vector0.83205 0 0.5547
u vector0.5547 0 -0.83205
v vector-0 1 0
Viewpoint set to 30 0 20 vanishing point set to -100
projection matrix
1  0  0  0  
0  1  0  0  
0  0  0.166667  16.6667  
0  0  0.00833333  0.833333  
viewing point matrix
0.496139  0  -0.868243  -4.47035e-07  
0  1  0  0  
0.868243  0  0.496139  -40.3113  
0  0  0  1  
normal vector0.868243 0 0.496139
u vector0.496139 0 -0.868243
v vector-0 1 0
Viewpoint set to 35 0 20 vanishing point set to -100
projection matrix
1  0  0  0  
0  1  0  0  
0  0  0.166667  16.6667  
0  0  0.00833333  0.833333  
viewing point matrix
0.447214  0  -0.894427  0  
0  1  0  0  
0.894427  0  0.447214  -44.7214  
0  0  0  1  
normal vector0.894427 0 0.447214
u vector0.447214 0 -0.894427
v vector-0 1 0
Viewpoint set to 40 0 20 vanishing point set to -100
projection matrix
1  0  0  0  
0  1  0  0  
0  0  0.166667  16.6667  
0  0  0.00833333  0.833333  
viewing point matrix
0.406138  0  -0.913812  1.04308e-06  
0  1  0  0  
0.913812  0  0.406138  -49.2443  
0  0  0  1  
normal vector0.913812 0 0.406138
u vector0.406138 0 -0.913812
v vector-0 1 0
Viewpoint set to 45 0 20 vanishing point set to -100
projection matrix
1  0  0  0  
0  1  0  0  
0  0  0.166667  16.6667  
0  0  0.00833333  0.833333  
viewing point matrix
0.447214  0  -0.894427  0  
0  1  0  0  
0.894427  0  0.447214  -44.7214  
0  0  0  1  
normal vector0.894427 0 0.447214
u vector0.447214 0 -0.894427
v vector-0 1 0
Viewpoint set to 40 0 20 vanishing point set to -100
projection matrix
1  0  0  0  
0  1  0  0  
0  0  0.166667  16.6667  
0  0  0.00833333  0.833333  
viewing point matrix
0.496139  0  -0.868243  -4.47035e-07  
0  1  0  0  
0.868243  0  0.496139  -40.3113  
0  0  0  1  
normal vector0.868243 0 0.496139
u vector0.496139 0 -0.868243
v vector-0 1 0
Viewpoint set to 35 0 20 vanishing point set to -100
projection matrix
1  0  0  0  
0  1  0  0  
0  0  0.166667  16.6667  
0  0  0.00833333  0.833333  
viewing point matrix
0.5547  0  -0.83205  5.96046e-07  
0  1  0  0  
0.83205  0  0.5547  -36.0555  
0  0  0  1  
normal vector0.83205 0 0.5547
u vector0.5547 0 -0.83205
v vector-0 1 0
Viewpoint set to 30 0 20 vanishing point set to -100
projection matrix
1  0  0  0  
0  1  0  0  
0  0  0.166667  16.6667  
0  0  0.00833333  0.833333  
viewing point matrix
0.624695  0  -0.780869  0  
0  1  0  0  
0.780869  0  0.624695  -32.0156  
0  0  0  1  
normal vector0.780869 0 0.624695
u vector0.624695 0 -0.780869
v vector-0 1 0
Viewpoint set to 25 0 20 vanishing point set to -100
projection matrix
1  0  0  0  
0  1  0  0  
0  0  0.166667  16.6667  
0  0  0.00833333  0.833333  
viewing point matrix
0.707107  0  -0.707107  0  
0  1  0  0  
0.707107  0  0.707107  -28.2843  
0  0  0  1  
normal vector0.707107 0 0.707107
u vector0.707107 0 -0.707107
v vector-0 1 0
Viewpoint set to 20 0 20 vanishing point set to -100
projection matrix
1  0  0  0  
0  1  0  0  
0  0  0.166667  16.6667  
0  0  0.00833333  0.833333  
viewing point matrix
0.8  0  -0.6  2.98023e-07  
0  1  0  0  
0.6  0  0.8  -25  
0  0  0  1  
normal vector0.6 0 0.8
u vector0.8 0 -0.6
v vector-0 1 0
Viewpoint set to 15 0 20 vanishing point set to -100
projection matrix
1  0  0  0  
0  1  0  0  
0  0  0.166667  16.6667  
0  0  0.00833333  0.833333  
viewing point matrix
0.894427  0  -0.447214  0  
0  1  0  0  
0.447214  0  0.894427  -22.3607  
0  0  0  1  
normal vector0.447214 0 0.894427
u vector0.894427 0 -0.447214
v vector-0 1 0
Viewpoint set to 10 0 20 vanishing point set to -100
projection matrix
1  0  0  0  
0  1  0  0  
0  0  0.166667  16.6667  
0  0  0.00833333  0.833333  
viewing point matrix
0.970142  0  -0.242536  0  
0  1  0  0  
0.242536  0  0.970142  -20.6155  
0  0  0  1  
normal vector0.242536 0 0.970142
u vector0.970142 0 -0.242536
v vector-0 1 0
Viewpoint set to 5 0 20 vanishing point set to -100
projection matrix
1  0  0  0  
0  1  0  0  
0  0  0.166667  16.6667  
0  0  0.00833333  0.833333  
viewing point matrix
1  0  0  0  
0  1  0  0  
0  0  1  -20  
0  0  0  1  
normal vector0 0 1
u vector1 0 0
v vector0 1 0
Viewpoint set to 0 0 20 vanishing point set to -100
projection matrix
1  0  0  0  
0  1  0  0  
0  0  0.166667  16.6667  
0  0  0.00833333  0.833333  
viewing point matrix
0.970142  0  0.242536  0  
0  1  0  0  
-0.242536  0  0.970142  -20.6155  
0  0  0  1  
normal vector-0.242536 0 0.970142
u vector0.970142 -0 0.242536
v vector0 1 0
Viewpoint set to -5 0 20 vanishing point set to -100
projection matrix
1  0  0  0  
0  1  0  0  
0  0  0.166667  16.6667  
0  0  0.00833333  0.833333  
viewing point matrix
0.894427  0  0.447214  0  
0  1  0  0  
-0.447214  0  0.894427  -22.3607  
0  0  0  1  
normal vector-0.447214 0 0.894427
u vector0.894427 -0 0.447214
v vector0 1 0
Viewpoint set to -10 0 20 vanishing point set to -100
projection matrix
1  0  0  0  
0  1  0  0  
0  0  0.166667  16.6667  
0  0  0.00833333  0.833333  
viewing point matrix
0.8  0  0.6  -2.98023e-07  
0  1  0  0  
-0.6  0  0.8  -25  
0  0  0  1  
normal vector-0.6 0 0.8
u vector0.8 -0 0.6
v vector0 1 0
Viewpoint set to -15 0 20 vanishing point set to -100
projection matrix
1  0  0  0  
0  1  0  0  
0  0  0.166667  16.6667  
0  0  0.00833333  0.833333  
viewing point matrix
0.8  0  0.6  -2.98023e-07  
-0.11767  0.980581  0.156893  -7.45058e-08  
-0.588348  -0.196116  0.784465  -25.4951  
0  0  0  1  
normal vector-0.588348 -0.196116 0.784465
u vector0.8 -0 0.6
v vector-0.11767 0.980581 0.156893
Viewpoint set to -15 -5 20 vanishing point set to -100
projection matrix
1  0  0  0  
0  1  0  0  
0  0  0.166667  16.6667  
0  0  0.00833333  0.833333  
viewing point matrix
0.8  0  0.6  -2.98023e-07  
-0.222834  0.928477  0.297113  7.45058e-08  
-0.557086  -0.371391  0.742781  -26.9258  
0  0  0  1  
normal vector-0.557086 -0.371391 0.742781
u vector0.8 -0 0.6
v vector-0.222834 0.928477 0.297113
Viewpoint set to -15 -10 20 vanishing point set to -100
projection matrix
1  0  0  0  
0  1  0  0  
0  0  0.166667  16.6667  
0  0  0.00833333  0.833333  
viewing point matrix
0.8  0  0.6  -2.98023e-07  
-0.308697  0.857493  0.411597  0  
-0.514496  -0.514496  0.685994  -29.1548  
0  0  0  1  
normal vector-0.514496 -0.514496 0.685994
u vector0.8 -0 0.6
v vector-0.308697 0.857493 0.411597
Viewpoint set to -15 -15 20 vanishing point set to -100
projection matrix
1  0  0  0  
0  1  0  0  
0  0  0.166667  16.6667  
0  0  0.00833333  0.833333  
viewing point matrix
0.8  0  0.6  -2.98023e-07  
-0.222834  0.928477  0.297113  7.45058e-08  
-0.557086  -0.371391  0.742781  -26.9258  
0  0  0  1  
normal vector-0.557086 -0.371391 0.742781
u vector0.8 -0 0.6
v vector-0.222834 0.928477 0.297113
Viewpoint set to -15 -10 20 vanishing point set to -100
projection matrix
1  0  0  0  
0  1  0  0  
0  0  0.166667  16.6667  
0  0  0.00833333  0.833333  
viewing point matrix
0.8  0  0.6  -2.98023e-07  
-0.308697  0.857493  0.411597  0  
-0.514496  -0.514496  0.685994  -29.1548  
0  0  0  1  
normal vector-0.514496 -0.514496 0.685994
u vector0.8 -0 0.6
v vector-0.308697 0.857493 0.411597
Viewpoint set to -15 -15 20 vanishing point set to -100
projection matrix
1  0  0  0  
0  1  0  0  
0  0  0.166667  16.6667  
0  0  0.00833333  0.833333  
viewing point matrix
0.8  0  0.6  -2.98023e-07  
-0.222834  0.928477  0.297113  7.45058e-08  
-0.557086  -0.371391  0.742781  -26.9258  
0  0  0  1  
normal vector-0.557086 -0.371391 0.742781
u vector0.8 -0 0.6
v vector-0.222834 0.928477 0.297113
Viewpoint set to -15 -10 20 vanishing point set to -100
